 0.0    0.0    0.0    0.0    0.0    0.0    0.0    0.0
 0.0    0.0    0.0    0.0    0.0    0.0    0.0    0.0
 0.0    0.0    0.0    0.0    0.0    0.0    0.0    0.0
 0.0    0.0    0.0    0.0    0.0    0.0    0.0    0.0
 0.738  0.492  0.818  0.738  0.738  1.480  1.230  0.492
 0.492  0.492  0.738  0.842  0.372  0.492  0.372  0.418
 0.738  0.738  0.738  0.738  0.738  0.738  0.738  0.738
 0.738  0.738  0.492  0.492  0.842  0.842  0.842  0.738
 1.375  1.068  0.984  1.068  1.068  0.984  0.904  1.150
 1.150  0.576  0.738  1.150  0.984  1.397  1.068  1.150
 0.900  1.150  1.068  0.822  0.984  1.068  1.068  1.482
 1.068  1.068  0.984  0.492  0.412  0.492  0.858  0.738
 0.492  0.738  0.822  0.655  0.823  0.654  0.492  0.738
 0.822  0.412  0.492  0.822  0.412  1.235  0.822  0.738
 0.822  0.822  0.660  0.580  0.492  0.822  0.738  1.068
 0.738  0.738  0.660  0.580  0.326  0.580  0.770  0.0
 0.0    0.0    0.0    0.0    0.0    0.0    0.0    0.0
 0.0    0.0    0.0    0.0    0.0    0.0    0.0    0.0
 0.0    0.0    0.0    0.0    0.0    0.0    0.0    0.0
 0.0    0.0    0.0    0.0    0.0    0.0    0.0    0.0
 0.0    0.492  0.738  0.738  0.242  0.738  0.738  0.738
 0.738  0.412  0.738  0.738  0.492  0.492  0.822  0.822
 0.0    0.738  0.738  0.738  0.372  0.0    0.800  0.520
 0.492  0.738  0.738  0.738  1.480  1.480  0.0    0.738
 0.0    0.492  0.492  0.492  0.492  0.492  0.492  0.492
 0.492  0.0    0.492  0.492  0.0    0.492  0.492  0.492
 1.480  0.0    0.0    0.0    0.0    0.0    0.0    0.0
 0.0    0.0    0.0    0.0    0.0    0.0    0.0    0.0
 0.0    1.480  0.0    0.440  0.0    0.0    0.0    0.0
 0.986  1.152  1.480  0.492  0.0    0.0    0.0    0.0
 0.0    1.068  0.0    0.0    0.0    0.412  0.0    0.0
 0.412  0.738  1.068  0.822  0.0    0.0    0.0    0.0
 
