 0.0    0.0    0.0    0.0    0.0    0.0    0.0    0.0
 0.0    0.0    0.0    0.0    0.0    0.0    0.0    0.0
 0.0    0.0    0.0    0.0    0.0    0.0    0.0    0.0
 0.0    0.0    0.0    0.0    0.0    0.0    0.0    0.0
 0.766  0.510  0.644  0.766  0.766  1.278  1.190  0.510
 0.510  0.510  0.766  1.034  0.386  0.510  0.386  0.426
 0.766  0.766  0.766  0.766  0.766  0.766  0.766  0.766
 0.766  0.766  0.510  0.510  1.034  1.034  1.034  0.766
 1.412  0.936  0.936  1.022  1.106  0.936  0.936  1.106
 1.106  0.510  0.680  1.022  0.852  1.278  1.022  1.106
 0.936  1.106  0.936  0.766  0.852  1.106  0.936  1.278
 0.936  0.852  0.852  0.596  0.426  0.596  0.644  0.766
 0.510  0.766  0.766  0.678  0.766  0.678  0.426  0.766
 0.766  0.426  0.426  0.678  0.426  1.106  0.766  0.766
 0.766  0.766  0.596  0.596  0.426  0.766  0.678  1.022
 0.678  0.678  0.596  0.612  0.426  0.612  0.828  0.0
 0.0    0.0    0.0    0.0    0.0    0.0    0.0    0.0
 0.0    0.0    0.0    0.0    0.0    0.0    0.0    0.0
 0.0    0.0    0.0    0.0    0.0    0.0    0.0    0.0
 0.0    0.0    0.0    0.0    0.0    0.0    0.0    0.0
 0.0    0.596  0.766  0.766  0.256  0.766  0.766  0.678
 0.678  0.328  0.852  0.766  0.510  0.510  0.766  0.766
 0.0    0.766  0.766  0.766  0.386  0.0    0.798  0.536
 0.510  0.852  0.852  0.733  1.360  1.530  0.0    0.766
 0.0    0.510  0.510  0.510  0.510  0.510  0.510  0.510
 0.510  0.0    0.510  0.510  0.0    0.510  0.510  0.510
 1.530  0.0    0.0    0.0    0.0    0.0    0.0    0.0
 0.0    0.0    0.0    0.0    0.0    0.0    0.0    0.0
 0.0    1.262  0.0    0.426  0.0    0.0    0.0    0.0
 0.852  1.106  1.448  0.474  0.0    0.0    0.0    0.0
 0.0    1.022  0.0    0.0    0.0    0.426  0.0    0.0
 0.426  0.766  1.022  0.766  0.0    0.0    0.0    0.0
 
