 0.0    0.0    0.0    0.0    0.0    0.0    0.0    0.0
 0.0    0.0    0.0    0.0    0.0    0.0    0.0    0.0
 0.0    0.0    0.0    0.0    0.0    0.0    0.0    0.0
 0.0    0.0    0.0    0.0    0.0    0.0    0.0    0.0
 0.746  0.576  0.824  0.746  0.746  1.242  1.162  0.494
 0.496  0.496  0.746  0.850  0.374  0.494  0.370  0.416
 0.746  0.746  0.746  0.746  0.746  0.746  0.746  0.746
 0.746  0.746  0.494  0.494  0.850  0.850  0.850  0.746
 1.242  0.995  0.995  0.995  1.078  0.995  0.995  1.078
 1.162  0.582  0.746  0.995  0.910  1.328  1.078  1.078
 0.908  1.078  0.995  0.830  0.910  1.078  0.995  1.328
 0.995  0.910  0.910  0.496  0.416  0.496  0.850  0.746
 0.496  0.746  0.746  0.654  0.746  0.654  0.494  0.746
 0.830  0.416  0.416  0.746  0.416  1.160  0.830  0.746
 0.746  0.746  0.582  0.582  0.416  0.830  0.654  0.995
 0.746  0.654  0.582  0.516  0.328  0.516  0.850  0.0
 0.0    0.0    0.0    0.0    0.0    0.0    0.0    0.0
 0.0    0.0    0.0    0.0    0.0    0.0    0.0    0.0
 0.0    0.0    0.0    0.0    0.0    0.0    0.0    0.0
 0.0    0.0    0.0    0.0    0.0    0.0    0.0    0.0
 0.0    0.582  0.746  0.746  0.248  0.746  0.746  0.746
 0.746  0.416  0.746  0.746  0.494  0.494  0.830  0.830
 0.0    0.746  0.746  0.746  0.374  0.0    0.746  0.522
 0.494  0.746  0.746  0.746  1.494  1.494  0.0    0.746
 0.0    0.494  0.494  0.494  0.494  0.494  0.494  0.494
 0.494  0.0    0.494  0.494  0.0    0.494  0.494  0.494
 1.494  0.0    0.0    0.0    0.0    0.0    0.0    0.0
 0.0    0.0    0.0    0.0    0.0    0.0    0.0    0.0
 0.0    1.412  0.0    0.394  0.0    0.0    0.0    0.0
 0.910  1.078  1.412  0.450  0.0    0.0    0.0    0.0
 0.0    1.078  0.0    0.0    0.0    0.416  0.0    0.0
 0.416  0.746  1.078  0.746  0.0    0.0    0.0    0.0
 
