 0.0    0.0    0.0    0.0    0.0    0.0    0.0    0.0
 0.0    0.0    0.0    0.0    0.0    0.0    0.0    0.0
 0.0    0.0    0.0    0.0    0.0    0.0    0.0    0.0
 0.0    0.0    0.0    0.0    0.0    0.0    0.0    0.0
 0.742  0.494  1.056  0.742  0.815  1.236  1.156  0.650
 0.494  0.494  0.742  0.815  0.372  0.815  0.372  0.414
 0.742  0.742  0.742  0.742  0.742  0.742  0.742  0.742
 0.742  0.742  0.414  0.414  0.815  0.815  0.815  0.650
 0.815  1.070  0.988  1.070  0.906  0.906  1.132  0.894
 1.070  0.494  0.936  1.070  1.018  1.318  1.070  1.070
 1.140  1.096  0.824  0.878  0.904  1.020  0.652  1.138
 0.954  1.178  0.906  0.494  1.280  0.494  0.975  0.742
 0.742  0.936  0.815  0.815  0.730  0.650  0.770  0.606
 0.894  0.488  0.894  0.815  0.815  0.856  0.772  0.815
 0.815  0.772  0.815  0.894  0.650  0.850  1.058  1.018
 0.730  1.018  0.730  0.710  0.296  0.710  0.815  0.0
 0.0    0.0    0.0    0.0    0.0    0.0    0.0    0.0
 0.0    0.0    0.0    0.0    0.0    0.0    0.0    0.0
 0.0    0.0    0.0    0.0    0.0    0.0    0.0    0.0
 0.0    0.0    0.0    0.0    0.0    0.0    0.0    0.0
 0.0    0.916  0.364  0.815  0.248  1.058  0.742  1.118
 1.118  1.118  1.118  1.550  1.468  0.894  1.468  0.894
 0.594  0.815  0.610  0.815  0.815  1.060  0.730  0.682
 0.815  0.815  0.815  0.815  1.484  0.894  1.000  0.974
 1.220  1.016  1.180  1.468  1.140  1.140  1.220  1.140
 1.140  1.058  1.058  1.058  1.058  1.058  1.058  1.058
 1.140  1.058  1.170  1.170  1.320  1.220  0.815  0.372
 1.058  0.894  0.894  1.550  1.468  0.894  1.468  0.894
 0.730  0.484  1.170  1.170  1.170  1.058  0.572  0.572
 0.572  0.572  0.572  0.572  0.735  0.735  0.735  0.735
 0.0    0.484  0.404  1.018  1.018  1.018  0.572  0.572
 0.572  0.572  0.572  0.572  0.735  0.735  0.735  0.0
 
