 0.0    0.0    0.0    0.0    0.0    0.0    0.0    0.0
 0.0    0.0    0.0    0.0    0.0    0.0    0.0    0.0
 0.0    0.0    0.0    0.0    0.0    0.0    0.0    0.0
 0.0    0.0    0.0    0.0    0.0    0.0    0.0    0.0
 0.774  0.462  0.656  0.774  0.774  1.236  1.002  0.386
 0.462  0.462  0.538  0.812  0.386  0.462  0.386  0.386
 0.774  0.774  0.774  0.774  0.774  0.774  0.774  0.774
 0.774  0.774  0.462  0.462  0.812  0.812  0.812  0.846
 1.360  1.002  1.002  1.002  1.002  0.926  0.850  1.080
 1.002  0.386  0.774  1.002  0.850  1.158  1.002  1.080
 0.926  1.080  1.002  0.926  0.850  1.002  0.926  1.314
 0.926  0.926  0.850  0.464  0.386  0.464  0.810  0.774
 0.386  0.774  0.850  0.774  0.850  0.774  0.464  0.850
 0.850  0.386  0.386  0.774  0.386  1.236  0.850  0.850
 0.850  0.850  0.540  0.774  0.464  0.850  0.774  1.080
 0.774  0.774  0.694  0.540  0.386  0.540  0.812  0.0
 0.0    0.0    0.0    0.0    0.0    0.0    0.0    0.0
 0.0    0.0    0.0    0.0    0.0    0.0    0.0    0.0
 0.0    0.0    0.0    0.0    0.0    0.0    0.0    0.0
 0.0    0.0    0.0    0.0    0.0    0.0    0.0    0.0
 0.0    0.464  0.774  0.774  0.230  0.774  0.774  0.774
 0.774  0.332  0.694  0.774  0.464  0.464  0.850  0.850
 0.0    0.774  0.774  0.774  0.386  0.0    0.774  0.484
 0.386  0.694  0.694  0.774  1.390  1.390  0.0    0.850
 0.0    0.464  0.464  0.464  0.464  0.464  0.464  0.464
 0.464  0.0    0.464  0.464  0.0    0.464  0.464  0.464
 1.390  0.0    0.0    0.0    0.0    0.0    0.0    0.0
 0.0    0.0    0.0    0.0    0.0    0.0    0.0    0.0
 0.0    1.390  0.0    0.516  0.0    0.0    0.0    0.0
 0.850  1.080  1.390  0.508  0.0    0.0    0.0    0.0
 0.0    1.235  0.0    0.0    0.0    0.386  0.0    0.0
 0.386  0.850  1.312  0.850  0.0    0.0    0.0    0.0
 
