 0.0    0.0    0.0    0.0    0.0    0.0    0.0    0.0
 0.0    0.0    0.0    0.0    0.0    0.0    0.0    0.0
 0.0    0.0    0.0    0.0    0.0    0.0    0.0    0.0
 0.0    0.0    0.0    0.0    0.0    0.0    0.0    0.0
 0.772  0.386  0.496  0.772  0.772  1.235  0.926  0.309
 0.463  0.463  0.540  0.810  0.386  0.463  0.386  0.386
 0.772  0.772  0.772  0.772  0.772  0.772  0.772  0.772
 0.772  0.772  0.386  0.386  0.810  0.810  0.810  0.772
 1.416  0.926  0.926  1.004  1.004  0.926  0.850  1.081
 1.004  0.386  0.695  0.926  0.772  1.158  1.004  1.081
 0.926  1.081  1.004  0.926  0.849  1.004  0.926  1.312
 0.926  0.926  0.849  0.386  0.386  0.386  0.656  0.772
 0.309  0.772  0.772  0.695  0.772  0.772  0.386  0.772
 0.772  0.309  0.309  0.695  0.309  1.158  0.772  0.772
 0.772  0.772  0.463  0.695  0.386  0.772  0.695  1.004
 0.695  0.695  0.695  0.463  0.367  0.463  0.810  0.0
 0.0    0.0    0.0    0.0    0.0    0.0    0.0    0.0
 0.0    0.0    0.0    0.0    0.0    0.0    0.0    0.0
 0.0    0.0    0.0    0.0    0.0    0.0    0.0    0.0
 0.0    0.0    0.0    0.0    0.0    0.0    0.0    0.0
 0.0    0.463  0.772  0.772  0.230  0.772  0.772  0.772
 0.772  0.260  0.463  0.772  0.463  0.463  0.695  0.695
 0.0    0.772  0.772  0.772  0.386  0.0    0.772  0.482
 0.309  0.463  0.463  0.772  1.390  1.390  0.0    0.849
 0.0    0.463  0.463  0.463  0.463  0.463  0.463  0.463
 0.463  0.0    0.463  0.463  0.0    0.463  0.463  0.463
 1.390  0.0    0.0    0.0    0.0    0.0    0.0    0.0
 0.0    0.0    0.0    0.0    0.0    0.0    0.0    0.0
 0.0    1.390  0.0    0.502  0.0    0.0    0.0    0.0
 0.772  1.081  1.390  0.502  0.0    0.0    0.0    0.0
 0.0    1.235  0.0    0.0    0.0    0.386  0.0    0.0
 0.309  0.849  1.312  0.849  0.0    0.0    0.0    0.0
 
