 0.0    0.0    0.0    0.0    0.0    0.0    0.0    0.0
 0.0    0.0    0.0    0.0    0.0    0.0    0.0    0.0
 0.0    0.0    0.0    0.0    0.0    0.0    0.0    0.0
 0.0    0.0    0.0    0.0    0.0    0.0    0.0    0.0
 0.750  0.500  0.612  0.750  0.750  1.250  1.175  0.500
 0.500  0.500  0.750  0.852  0.375  0.500  0.375  0.420
 0.750  0.750  0.750  0.750  0.750  0.750  0.750  0.750
 0.750  0.750  0.418  0.418  0.850  0.850  0.850  0.666
 1.390  1.088  1.000  1.000  1.088  0.920  0.838  1.088
 1.088  0.500  0.588  1.088  0.922  1.342  1.088  1.088
 0.840  1.088  1.000  0.840  0.922  1.088  1.088  1.425
 1.088  1.088  0.920  0.500  0.418  0.500  0.708  0.750
 0.500  0.666  0.750  0.666  0.750  0.666  0.500  0.750
 0.750  0.418  0.418  0.750  0.418  1.172  0.750  0.750
 0.750  0.750  0.500  0.585  0.418  0.750  0.750  1.088
 0.750  0.750  0.666  0.725  0.300  0.725  0.814  0.0
 0.0    0.0    0.0    0.0    0.0    0.0    0.0    0.0
 0.0    0.0    0.0    0.0    0.0    0.0    0.0    0.0
 0.0    0.0    0.0    0.0    0.0    0.0    0.0    0.0
 0.0    0.0    0.0    0.0    0.0    0.0    0.0    0.0
 0.0    0.500  0.750  0.750  0.500  0.750  0.750  0.750
 0.750  0.270  0.666  0.750  0.500  0.500  0.837  0.837
 0.0    0.750  0.750  0.750  0.375  0.0    0.680  0.525
 0.500  0.666  0.666  0.750  1.500  1.500  0.0    0.666
 0.0    0.500  0.500  0.500  0.500  0.500  0.500  0.500
 0.500  0.0    0.500  0.500  0.0    0.500  0.500  0.500
 1.500  0.0    0.0    0.0    0.0    0.0    0.0    0.0
 0.0    0.0    0.0    0.0    0.0    0.0    0.0    0.0
 0.0    1.340  0.0    0.418  0.0    0.0    0.0    0.0
 0.920  1.088  1.340  0.468  0.0    0.0    0.0    0.0
 0.0    1.000  0.0    0.0    0.0    0.418  0.0    0.0
 0.418  0.750  1.088  0.750  0.0    0.0    0.0    0.0
 
