 0.0    0.0    0.0    0.0    0.0    0.0    0.0    0.0
 0.0    0.0    0.0    0.0    0.0    0.0    0.0    0.0
 0.0    0.0    0.0    0.0    0.0    0.0    0.0    0.0
 0.0    0.0    0.0    0.0    0.0    0.0    0.0    0.0
 1.066  1.066  1.066  1.066  1.066  1.066  1.066  1.066
 1.066  1.066  1.066  1.066  1.066  1.066  1.066  1.066
 1.066  1.066  1.066  1.066  1.066  1.066  1.066  1.066
 1.066  1.066  1.066  1.066  1.066  1.066  1.066  1.066
 1.066  1.066  1.066  1.066  1.066  1.066  1.066  1.066
 1.066  1.066  1.066  1.066  1.066  1.066  1.066  1.066
 1.066  1.066  1.066  1.066  1.066  1.066  1.066  1.066
 1.066  1.066  1.066  1.066  1.066  1.066  1.066  1.066
 1.066  1.066  1.066  1.066  1.066  1.066  1.066  1.066
 1.066  1.066  1.066  1.066  1.066  1.066  1.066  1.066
 1.066  1.066  1.066  1.066  1.066  1.066  1.066  1.066
 1.066  1.066  1.066  1.066  1.066  1.066  1.066  0.0
 0.0    0.0    0.0    0.0    0.0    0.0    0.0    0.0
 0.0    0.0    0.0    0.0    0.0    0.0    0.0    0.0
 0.0    0.0    0.0    0.0    0.0    0.0    0.0    0.0
 0.0    0.0    0.0    0.0    0.0    0.0    0.0    0.0
 0.0    1.066  1.066  1.066  1.066  1.066  1.066  1.066
 1.066  1.066  1.066  1.066  1.066  1.066  1.066  1.066
 0.0    1.066  1.066  1.066  1.066  0.0    1.066  1.066
 1.066  1.066  1.066  1.066  1.066  1.066  0.0    1.066
 0.0    1.066  1.066  1.066  1.066  1.066  1.066  1.066
 1.066  0.0    1.066  1.066  0.0    1.066  1.066  1.066
 1.066  0.0    0.0    0.0    0.0    0.0    0.0    0.0
 0.0    0.0    0.0    0.0    0.0    0.0    0.0    0.0
 0.0    1.066  0.0    1.066  0.0    0.0    0.0    0.0
 1.066  1.066  1.066  1.066  0.0    0.0    0.0    0.0
 0.0    1.066  0.0    0.0    0.0    1.066  0.0    0.0
 1.066  1.066  1.066  1.066  0.0    0.0    0.0    0.0
 
